Windows PowerShell
Copyright (C) Microsoft Corporation. All rights reserved.

PS C:\Users\scott\Desktop\dissertation\092_vi-lam_heatmaps\run_003_mtgs_notrun\threshold_sweep_003> $env:INOUT_RAW_PROBS_PATH="inout_raw_probs_mtgs_small.json"
PS C:\Users\scott\Desktop\dissertation\092_vi-lam_heatmaps\run_003_mtgs_notrun\threshold_sweep_003> python threshold_sweep_inout.py
Loaded 77004 rows (6687 genuine offscreen, 8.7% positive rate) from inout_raw_probs_mtgs_small.json

threshold   precision   recall      f1          tp      fp      fn      tn
0.00        0.0871      1.0000      0.1603      6687    70057   0       260
0.00        0.0997      0.9638      0.1807      6445    58192   242     12125
0.00        0.1335      0.8878      0.2321      5937    38536   750     31781
0.00        0.2715      0.5539      0.3644      3704    9938    2983    60379
0.00        0.3101      0.4368      0.3627      2921    6498    3766    63819
0.00        0.3404      0.3620      0.3509      2421    4691    4266    65626
0.00        0.3483      0.3230      0.3352      2160    4041    4527    66276
0.00        0.3565      0.3024      0.3272      2022    3650    4665    66667
0.00        0.3608      0.2867      0.3195      1917    3396    4770    66921
0.00        0.3661      0.2764      0.3150      1848    3200    4839    67117
0.00        0.3704      0.2687      0.3115      1797    3055    4890    67262
0.00        0.3751      0.2630      0.3092      1759    2931    4928    67386
0.00        0.3767      0.2572      0.3057      1720    2846    4967    67471
0.00        0.3783      0.2524      0.3028      1688    2774    4999    67543
0.00        0.3982      0.2303      0.2918      1540    2327    5147    67990
0.01        0.4078      0.1996      0.2680      1335    1939    5352    68378
0.01        0.4192      0.1839      0.2557      1230    1704    5457    68613
0.02        0.4242      0.1685      0.2412      1127    1530    5560    68787
0.05        0.4222      0.1480      0.2192      990     1355    5697    68962
0.10        0.4204      0.1319      0.2008      882     1216    5805    69101
0.15        0.4222      0.1255      0.1935      839     1148    5848    69169
0.20        0.4281      0.1216      0.1894      813     1086    5874    69231
0.25        0.4306      0.1183      0.1856      791     1046    5896    69271
0.30        0.4334      0.1153      0.1821      771     1008    5916    69309
0.35        0.4302      0.1107      0.1760      740     980     5947    69337
0.40        0.4353      0.1092      0.1746      730     947     5957    69370
0.45        0.4364      0.1062      0.1708      710     917     5977    69400
0.50        0.4360      0.1029      0.1665      688     890     5999    69427
0.55        0.4405      0.1012      0.1646      677     860     6010    69457
0.60        0.4427      0.0987      0.1614      660     831     6027    69486
0.65        0.4402      0.0953      0.1566      637     810     6050    69507
0.70        0.4383      0.0920      0.1520      615     788     6072    69529
0.75        0.4420      0.0894      0.1488      598     755     6089    69562
0.80        0.4465      0.0867      0.1453      580     719     6107    69598
0.85        0.4501      0.0836      0.1410      559     683     6128    69634
0.90        0.4545      0.0784      0.1337      524     629     6163    69688
0.95        0.4618      0.0706      0.1225      472     550     6215    69767

Default threshold (0.5): F1=0.1665  precision=0.4360  recall=0.1029
Best F1 at threshold=5e-05: F1=0.3644  precision=0.2715  recall=0.5539
Improvement over default: +0.1979 (+118.9% relative)

Full sweep saved: inout_threshold_sweep_mtgs_small.json
PS C:\Users\scott\Desktop\dissertation\092_vi-lam_heatmaps\run_003_mtgs_notrun\threshold_sweep_003> $env:INOUT_RAW_PROBS_PATH="inout_raw_probs_mtgs_tiny.json"
PS C:\Users\scott\Desktop\dissertation\092_vi-lam_heatmaps\run_003_mtgs_notrun\threshold_sweep_003> python threshold_sweep_inout.py
Loaded 77004 rows (6687 genuine offscreen, 8.7% positive rate) from inout_raw_probs_mtgs_tiny.json

threshold   precision   recall      f1          tp      fp      fn      tn
0.00        0.0868      1.0000      0.1598      6687    70317   0       0
0.00        0.0929      0.9862      0.1697      6595    64428   92      5889
0.00        0.1057      0.9067      0.1893      6063    51313   624     19004
0.00        0.1628      0.5240      0.2484      3504    18022   3183    52295
0.00        0.1961      0.4009      0.2634      2681    10988   4006    59329
0.00        0.2182      0.3163      0.2583      2115    7576    4572    62741
0.00        0.2360      0.2951      0.2623      1973    6386    4714    63931
0.00        0.2449      0.2790      0.2609      1866    5754    4821    64563
0.00        0.2527      0.2689      0.2605      1798    5317    4889    65000
0.00        0.2575      0.2608      0.2591      1744    5029    4943    65288
0.00        0.2615      0.2541      0.2577      1699    4798    4988    65519
0.00        0.2653      0.2493      0.2570      1667    4617    5020    65700
0.00        0.2666      0.2435      0.2545      1628    4479    5059    65838
0.00        0.2689      0.2399      0.2536      1604    4361    5083    65956
0.00        0.2886      0.2204      0.2500      1474    3633    5213    66684
0.01        0.3077      0.1992      0.2418      1332    2997    5355    67320
0.01        0.3200      0.1841      0.2337      1231    2616    5456    67701
0.02        0.3281      0.1708      0.2246      1142    2339    5545    67978
0.05        0.3335      0.1543      0.2110      1032    2062    5655    68255
0.10        0.3430      0.1445      0.2033      966     1850    5721    68467
0.15        0.3427      0.1367      0.1954      914     1753    5773    68564
0.20        0.3431      0.1311      0.1898      877     1679    5810    68638
0.25        0.3458      0.1286      0.1875      860     1627    5827    68690
0.30        0.3429      0.1238      0.1819      828     1587    5859    68730
0.35        0.3447      0.1223      0.1806      818     1555    5869    68762
0.40        0.3465      0.1207      0.1790      807     1522    5880    68795
0.45        0.3509      0.1193      0.1781      798     1476    5889    68841
0.50        0.3525      0.1172      0.1760      784     1440    5903    68877
0.55        0.3553      0.1160      0.1750      776     1408    5911    68909
0.60        0.3546      0.1131      0.1714      756     1376    5931    68941
0.65        0.3550      0.1111      0.1692      743     1350    5944    68967
0.70        0.3562      0.1093      0.1673      731     1321    5956    68996
0.75        0.3578      0.1066      0.1643      713     1280    5974    69037
0.80        0.3597      0.1041      0.1614      696     1239    5991    69078
0.85        0.3644      0.1012      0.1585      677     1181    6010    69136
0.90        0.3686      0.0975      0.1542      652     1117    6035    69200
0.95        0.3738      0.0899      0.1449      601     1007    6086    69310

Default threshold (0.5): F1=0.1760  precision=0.3525  recall=0.1172
Best F1 at threshold=0.0001: F1=0.2634  precision=0.1961  recall=0.4009
Improvement over default: +0.0874 (+49.7% relative)

Full sweep saved: inout_threshold_sweep_mtgs_tiny.json
PS C:\Users\scott\Desktop\dissertation\092_vi-lam_heatmaps\run_003_mtgs_notrun\threshold_sweep_003>