Windows PowerShell
Copyright (C) Microsoft Corporation. All rights reserved.

PS C:\Users\scott\Desktop\dissertation\092_vi-lam_heatmaps\run_004_internv3_notrun\threshold_sweep_002> $env:INOUT_RAW_PROBS_PATH="inout_raw_probs_teacher_internvl3_alone_small.json"
PS C:\Users\scott\Desktop\dissertation\092_vi-lam_heatmaps\run_004_internv3_notrun\threshold_sweep_002> python threshold_sweep_inout.py
Loaded 77004 rows (6687 genuine offscreen, 8.7% positive rate) from inout_raw_probs_teacher_internvl3_alone_small.json

threshold   precision   recall      f1          tp      fp      fn      tn
0.00        0.0868      1.0000      0.1598      6687    70317   0       0
0.00        0.0870      0.9864      0.1599      6596    69221   91      1096
0.00        0.0928      0.9278      0.1687      6204    60677   483     9640
0.00        0.1399      0.4863      0.2173      3252    19988   3435    50329
0.00        0.1861      0.3839      0.2506      2567    11229   4120    59088
0.00        0.2372      0.3106      0.2690      2077    6680    4610    63637
0.00        0.2686      0.2774      0.2729      1855    5051    4832    65266
0.00        0.2906      0.2626      0.2759      1756    4287    4931    66030
0.00        0.3044      0.2481      0.2734      1659    3791    5028    66526
0.00        0.3133      0.2373      0.2701      1587    3479    5100    66838
0.00        0.3229      0.2319      0.2700      1551    3253    5136    67064
0.00        0.3277      0.2249      0.2668      1504    3085    5183    67232
0.00        0.3339      0.2206      0.2656      1475    2943    5212    67374
0.00        0.3379      0.2155      0.2632      1441    2823    5246    67494
0.00        0.3619      0.1862      0.2459      1245    2195    5442    68122
0.01        0.3709      0.1506      0.2142      1007    1708    5680    68609
0.01        0.3815      0.1347      0.1991      901     1461    5786    68856
0.02        0.3845      0.1183      0.1809      791     1266    5896    69051
0.05        0.3932      0.1035      0.1638      692     1068    5995    69249
0.10        0.3995      0.0921      0.1497      616     926     6071    69391
0.15        0.4050      0.0867      0.1429      580     852     6107    69465
0.20        0.4078      0.0824      0.1371      551     800     6136    69517
0.25        0.4084      0.0787      0.1319      526     762     6161    69555
0.30        0.4143      0.0763      0.1288      510     721     6177    69596
0.35        0.4164      0.0737      0.1253      493     691     6194    69626
0.40        0.4189      0.0715      0.1221      478     663     6209    69654
0.45        0.4224      0.0692      0.1190      463     633     6224    69684
0.50        0.4258      0.0677      0.1169      453     611     6234    69706
0.55        0.4257      0.0655      0.1135      438     591     6249    69726
0.60        0.4270      0.0639      0.1111      427     573     6260    69744
0.65        0.4290      0.0619      0.1082      414     551     6273    69766
0.70        0.4264      0.0589      0.1035      394     530     6293    69787
0.75        0.4263      0.0567      0.1001      379     510     6308    69807
0.80        0.4272      0.0531      0.0944      355     476     6332    69841
0.85        0.4284      0.0492      0.0883      329     439     6358    69878
0.90        0.4249      0.0440      0.0797      294     398     6393    69919
0.95        0.4198      0.0368      0.0676      246     340     6441    69977

Default threshold (0.5): F1=0.1169  precision=0.4258  recall=0.0677
Best F1 at threshold=0.0004: F1=0.2759  precision=0.2906  recall=0.2626
Improvement over default: +0.1590 (+136.0% relative)

Full sweep saved: inout_threshold_sweep_teacher_internvl3_alone_small.json
PS C:\Users\scott\Desktop\dissertation\092_vi-lam_heatmaps\run_004_internv3_notrun\threshold_sweep_002> $env:INOUT_RAW_PROBS_PATH="inout_raw_probs_teacher_internvl3_alone_tiny.json"
PS C:\Users\scott\Desktop\dissertation\092_vi-lam_heatmaps\run_004_internv3_notrun\threshold_sweep_002> python threshold_sweep_inout.py
Loaded 77004 rows (6687 genuine offscreen, 8.7% positive rate) from inout_raw_probs_teacher_internvl3_alone_tiny.json

threshold   precision   recall      f1          tp      fp      fn      tn
0.00        0.0871      0.9994      0.1602      6683    70049   4       268
0.00        0.1032      0.8017      0.1828      5361    46593   1326    23724
0.00        0.1205      0.5879      0.2000      3931    28691   2756    41626
0.00        0.1596      0.2466      0.1937      1649    8686    5038    61631
0.00        0.1748      0.2062      0.1892      1379    6511    5308    63806
0.00        0.1844      0.1805      0.1824      1207    5340    5480    64977
0.00        0.1877      0.1694      0.1781      1133    4903    5554    65414
0.00        0.1898      0.1621      0.1749      1084    4626    5603    65691
0.00        0.1920      0.1578      0.1732      1055    4441    5632    65876
0.00        0.1934      0.1543      0.1717      1032    4305    5655    66012
0.00        0.1948      0.1515      0.1704      1013    4187    5674    66130
0.00        0.1945      0.1483      0.1683      992     4107    5695    66210
0.00        0.1939      0.1445      0.1656      966     4017    5721    66300
0.00        0.1941      0.1422      0.1641      951     3949    5736    66368
0.00        0.1984      0.1314      0.1581      879     3551    5808    66766
0.01        0.2034      0.1195      0.1505      799     3129    5888    67188
0.01        0.2053      0.1126      0.1455      753     2914    5934    67403
0.02        0.2061      0.1053      0.1394      704     2712    5983    67605
0.05        0.1992      0.0917      0.1256      613     2464    6074    67853
0.10        0.1994      0.0866      0.1207      579     2325    6108    67992
0.15        0.1985      0.0830      0.1171      555     2241    6132    68076
0.20        0.1969      0.0802      0.1139      536     2186    6151    68131
0.25        0.1965      0.0781      0.1117      522     2134    6165    68183
0.30        0.1979      0.0772      0.1110      516     2091    6171    68226
0.35        0.1972      0.0754      0.1091      504     2052    6183    68265
0.40        0.1969      0.0739      0.1074      494     2015    6193    68302
0.45        0.1953      0.0718      0.1050      480     1978    6207    68339
0.50        0.1947      0.0706      0.1036      472     1952    6215    68365
0.55        0.1941      0.0694      0.1022      464     1926    6223    68391
0.60        0.1941      0.0679      0.1006      454     1885    6233    68432
0.65        0.1915      0.0656      0.0978      439     1854    6248    68463
0.70        0.1890      0.0634      0.0950      424     1819    6263    68498
0.75        0.1892      0.0618      0.0931      413     1770    6274    68547
0.80        0.1890      0.0600      0.0910      401     1721    6286    68596
0.85        0.1882      0.0576      0.0882      385     1661    6302    68656
0.90        0.1863      0.0544      0.0842      364     1590    6323    68727
0.95        0.1862      0.0495      0.0782      331     1447    6356    68870

Default threshold (0.5): F1=0.1036  precision=0.1947  recall=0.0706
Best F1 at threshold=1e-05: F1=0.2000  precision=0.1205  recall=0.5879
Improvement over default: +0.0964 (+93.0% relative)

Full sweep saved: inout_threshold_sweep_teacher_internvl3_alone_tiny.json
PS C:\Users\scott\Desktop\dissertation\092_vi-lam_heatmaps\run_004_internv3_notrun\threshold_sweep_002>