Windows PowerShell
Copyright (C) Microsoft Corporation. All rights reserved.

PS C:\Users\scott\Desktop\dissertation\092_vi-lam_heatmaps\run_005_hybrid_notrun\threshold_sweep_002> $env:INOUT_RAW_PROBS_PATH="inout_raw_probs_teacher_hybrid_small.json"
PS C:\Users\scott\Desktop\dissertation\092_vi-lam_heatmaps\run_005_hybrid_notrun\threshold_sweep_002> python threshold_sweep_inout.py
Loaded 77004 rows (6687 genuine offscreen, 8.7% positive rate) from inout_raw_probs_teacher_hybrid_small.json

threshold   precision   recall      f1          tp      fp      fn      tn
0.00        0.0868      1.0000      0.1598      6687    70317   0       0
0.00        0.0868      1.0000      0.1598      6687    70317   0       0
0.00        0.0868      1.0000      0.1598      6687    70317   0       0
0.00        0.0897      0.9664      0.1642      6462    65538   225     4779
0.00        0.1098      0.8126      0.1934      5434    44077   1253    26240
0.00        0.1506      0.6115      0.2417      4089    23064   2598    47253
0.00        0.1772      0.5083      0.2628      3399    15782   3288    54535
0.00        0.1992      0.4389      0.2741      2935    11796   3752    58521
0.00        0.2133      0.3843      0.2743      2570    9479    4117    60838
0.00        0.2288      0.3573      0.2790      2389    8052    4298    62265
0.00        0.2396      0.3341      0.2790      2234    7091    4453    63226
0.00        0.2457      0.3122      0.2750      2088    6409    4599    63908
0.00        0.2504      0.2955      0.2711      1976    5915    4711    64402
0.00        0.2536      0.2802      0.2662      1874    5516    4813    64801
0.00        0.2556      0.1998      0.2243      1336    3890    5351    66427
0.01        0.2585      0.1418      0.1831      948     2719    5739    67598
0.01        0.2559      0.1108      0.1546      741     2155    5946    68162
0.02        0.2555      0.0897      0.1328      600     1748    6087    68569
0.05        0.2562      0.0709      0.1110      474     1376    6213    68941
0.10        0.2523      0.0603      0.0973      403     1194    6284    69123
0.15        0.2436      0.0537      0.0880      359     1115    6328    69202
0.20        0.2417      0.0502      0.0832      336     1054    6351    69263
0.25        0.2432      0.0485      0.0808      324     1008    6363    69309
0.30        0.2408      0.0462      0.0775      309     974     6378    69343
0.35        0.2393      0.0441      0.0745      295     938     6392    69379
0.40        0.2407      0.0426      0.0724      285     899     6402    69418
0.45        0.2467      0.0419      0.0716      280     855     6407    69462
0.50        0.2489      0.0411      0.0706      275     830     6412    69487
0.55        0.2519      0.0399      0.0689      267     793     6420    69524
0.60        0.2553      0.0393      0.0682      263     767     6424    69550
0.65        0.2548      0.0380      0.0661      254     743     6433    69574
0.70        0.2588      0.0374      0.0653      250     716     6437    69601
0.75        0.2611      0.0360      0.0633      241     682     6446    69635
0.80        0.2615      0.0341      0.0603      228     644     6459    69673
0.85        0.2582      0.0305      0.0546      204     586     6483    69731
0.90        0.2666      0.0289      0.0521      193     531     6494    69786
0.95        0.2864      0.0262      0.0480      175     436     6512    69881

Default threshold (0.5): F1=0.0706  precision=0.2489  recall=0.0411
Best F1 at threshold=0.0007: F1=0.2790  precision=0.2396  recall=0.3341
Improvement over default: +0.2085 (+295.3% relative)

Full sweep saved: inout_threshold_sweep_teacher_hybrid_small.json
PS C:\Users\scott\Desktop\dissertation\092_vi-lam_heatmaps\run_005_hybrid_notrun\threshold_sweep_002> $env:INOUT_RAW_PROBS_PATH="inout_raw_probs_teacher_hybrid_tiny.json"
PS C:\Users\scott\Desktop\dissertation\092_vi-lam_heatmaps\run_005_hybrid_notrun\threshold_sweep_002> python threshold_sweep_inout.py
Loaded 77004 rows (6687 genuine offscreen, 8.7% positive rate) from inout_raw_probs_teacher_hybrid_tiny.json

threshold   precision   recall      f1          tp      fp      fn      tn
0.00        0.0868      1.0000      0.1598      6687    70317   0       0
0.00        0.0868      1.0000      0.1598      6687    70317   0       0
0.00        0.0868      1.0000      0.1598      6687    70317   0       0
0.00        0.1022      0.9771      0.1850      6534    57407   153     12910
0.00        0.1362      0.7503      0.2305      5017    31824   1670    38493
0.00        0.1725      0.4977      0.2562      3328    15962   3359    54355
0.00        0.1916      0.4029      0.2597      2694    11365   3993    58952
0.00        0.2029      0.3508      0.2571      2346    9216    4341    61101
0.00        0.2143      0.3232      0.2577      2161    7922    4526    62395
0.00        0.2216      0.3022      0.2557      2021    7101    4666    63216
0.00        0.2293      0.2898      0.2561      1938    6512    4749    63805
0.00        0.2337      0.2770      0.2535      1852    6072    4835    64245
0.00        0.2380      0.2678      0.2521      1791    5733    4896    64584
0.00        0.2434      0.2617      0.2522      1750    5439    4937    64878
0.00        0.2624      0.2201      0.2394      1472    4137    5215    66180
0.01        0.2902      0.1895      0.2293      1267    3099    5420    67218
0.01        0.3093      0.1723      0.2213      1152    2572    5535    67745
0.02        0.3238      0.1573      0.2118      1052    2197    5635    68120
0.05        0.3338      0.1386      0.1959      927     1850    5760    68467
0.10        0.3376      0.1274      0.1850      852     1672    5835    68645
0.15        0.3391      0.1202      0.1775      804     1567    5883    68750
0.20        0.3418      0.1166      0.1739      780     1502    5907    68815
0.25        0.3421      0.1123      0.1691      751     1444    5936    68873
0.30        0.3435      0.1096      0.1662      733     1401    5954    68916
0.35        0.3461      0.1071      0.1635      716     1353    5971    68964
0.40        0.3463      0.1039      0.1599      695     1312    5992    69005
0.45        0.3462      0.1020      0.1576      682     1288    6005    69029
0.50        0.3481      0.0999      0.1552      668     1251    6019    69066
0.55        0.3483      0.0977      0.1525      653     1222    6034    69095
0.60        0.3474      0.0957      0.1501      640     1202    6047    69115
0.65        0.3470      0.0939      0.1478      628     1182    6059    69135
0.70        0.3458      0.0909      0.1440      608     1150    6079    69167
0.75        0.3496      0.0891      0.1420      596     1109    6091    69208
0.80        0.3504      0.0860      0.1381      575     1066    6112    69251
0.85        0.3528      0.0833      0.1348      557     1022    6130    69295
0.90        0.3548      0.0791      0.1294      529     962     6158    69355
0.95        0.3562      0.0721      0.1199      482     871     6205    69446

Default threshold (0.5): F1=0.1552  precision=0.3481  recall=0.0999
Best F1 at threshold=0.0003: F1=0.2597  precision=0.1916  recall=0.4029
Improvement over default: +0.1045 (+67.3% relative)

Full sweep saved: inout_threshold_sweep_teacher_hybrid_tiny.json
PS C:\Users\scott\Desktop\dissertation\092_vi-lam_heatmaps\run_005_hybrid_notrun\threshold_sweep_002>