Windows PowerShell
Copyright (C) Microsoft Corporation. All rights reserved.

PS C:\Users\scott\Desktop\dissertation\092_vi-lam_heatmaps\run_002_gt\threshold_sweep_004> $env:INOUT_RAW_PROBS_PATH="inout_raw_probs_gt_small.json"
PS C:\Users\scott\Desktop\dissertation\092_vi-lam_heatmaps\run_002_gt\threshold_sweep_004> python threshold_sweep_inout.py
Loaded 77004 rows (6687 genuine offscreen, 8.7% positive rate) from inout_raw_probs_gt_small.json

threshold   precision   recall      f1          tp      fp      fn      tn
0.00        0.0868      1.0000      0.1598      6687    70317   0       0
0.00        0.0878      0.9961      0.1614      6661    69192   26      1125
0.00        0.0949      0.9590      0.1727      6413    61149   274     9168
0.00        0.1696      0.7531      0.2769      5036    24655   1651    45662
0.00        0.2104      0.6027      0.3120      4030    15120   2657    55197
0.00        0.2549      0.4905      0.3355      3280    9586    3407    60731
0.00        0.2768      0.4389      0.3395      2935    7669    3752    62648
0.00        0.2891      0.4074      0.3382      2724    6699    3963    63618
0.00        0.2962      0.3827      0.3339      2559    6080    4128    64237
0.00        0.3029      0.3667      0.3317      2452    5644    4235    64673
0.00        0.3066      0.3526      0.3280      2358    5334    4329    64983
0.00        0.3104      0.3414      0.3251      2283    5073    4404    65244
0.00        0.3132      0.3318      0.3222      2219    4867    4468    65450
0.00        0.3154      0.3242      0.3198      2168    4705    4519    65612
0.00        0.3408      0.2823      0.3088      1888    3652    4799    66665
0.01        0.3626      0.2385      0.2878      1595    2804    5092    67513
0.01        0.3753      0.2143      0.2728      1433    2385    5254    67932
0.02        0.3874      0.1929      0.2576      1290    2040    5397    68277
0.05        0.3936      0.1670      0.2345      1117    1721    5570    68596
0.10        0.3959      0.1485      0.2160      993     1515    5694    68802
0.15        0.3990      0.1394      0.2066      932     1404    5755    68913
0.20        0.3990      0.1317      0.1981      881     1327    5806    68990
0.25        0.4005      0.1267      0.1925      847     1268    5840    69049
0.30        0.4028      0.1214      0.1866      812     1204    5875    69113
0.35        0.4035      0.1184      0.1831      792     1171    5895    69146
0.40        0.4038      0.1151      0.1792      770     1137    5917    69180
0.45        0.4025      0.1117      0.1749      747     1109    5940    69208
0.50        0.4045      0.1093      0.1721      731     1076    5956    69241
0.55        0.4035      0.1060      0.1679      709     1048    5978    69269
0.60        0.4004      0.1024      0.1631      685     1026    6002    69291
0.65        0.3999      0.0991      0.1589      663     995     6024    69322
0.70        0.3971      0.0959      0.1544      641     973     6046    69344
0.75        0.4005      0.0939      0.1522      628     940     6059    69377
0.80        0.3999      0.0899      0.1468      601     902     6086    69415
0.85        0.3992      0.0843      0.1393      564     849     6123    69468
0.90        0.3966      0.0769      0.1288      514     782     6173    69535
0.95        0.3973      0.0668      0.1144      447     678     6240    69639

Default threshold (0.5): F1=0.1721  precision=0.4045  recall=0.1093
Best F1 at threshold=0.0003: F1=0.3395  precision=0.2768  recall=0.4389
Improvement over default: +0.1674 (+97.2% relative)

Full sweep saved: inout_threshold_sweep_gt_small.json
PS C:\Users\scott\Desktop\dissertation\092_vi-lam_heatmaps\run_002_gt\threshold_sweep_004> $env:INOUT_RAW_PROBS_PATH="inout_raw_probs_gt_tiny.json"
PS C:\Users\scott\Desktop\dissertation\092_vi-lam_heatmaps\run_002_gt\threshold_sweep_004> python threshold_sweep_inout.py
Loaded 77004 rows (6687 genuine offscreen, 8.7% positive rate) from inout_raw_probs_gt_tiny.json

threshold   precision   recall      f1          tp      fp      fn      tn
0.00        0.0868      1.0000      0.1598      6687    70317   0       0
0.00        0.0868      1.0000      0.1598      6687    70317   0       0
0.00        0.0868      1.0000      0.1598      6687    70317   0       0
0.00        0.0945      0.9258      0.1714      6191    59343   496     10974
0.00        0.1092      0.6607      0.1874      4418    36044   2269    34273
0.00        0.1384      0.4838      0.2153      3235    20136   3452    50181
0.00        0.1540      0.4065      0.2234      2718    14931   3969    55386
0.00        0.1706      0.3695      0.2335      2471    12009   4216    58308
0.00        0.1838      0.3469      0.2403      2320    10303   4367    60014
0.00        0.1959      0.3314      0.2462      2216    9098    4471    61219
0.00        0.2064      0.3214      0.2514      2149    8263    4538    62054
0.00        0.2142      0.3125      0.2542      2090    7669    4597    62648
0.00        0.2195      0.3015      0.2540      2016    7170    4671    63147
0.00        0.2229      0.2919      0.2528      1952    6807    4735    63510
0.00        0.2433      0.2363      0.2397      1580    4914    5107    65403
0.01        0.2618      0.1898      0.2200      1269    3579    5418    66738
0.01        0.2670      0.1627      0.2022      1088    2987    5599    67330
0.02        0.2724      0.1427      0.1873      954     2548    5733    67769
0.05        0.2823      0.1247      0.1730      834     2120    5853    68197
0.10        0.2891      0.1135      0.1630      759     1866    5928    68451
0.15        0.2909      0.1050      0.1543      702     1711    5985    68606
0.20        0.2935      0.1000      0.1492      669     1610    6018    68707
0.25        0.2957      0.0963      0.1453      644     1534    6043    68783
0.30        0.2961      0.0929      0.1414      621     1476    6066    68841
0.35        0.2983      0.0909      0.1394      608     1430    6079    68887
0.40        0.2999      0.0881      0.1362      589     1375    6098    68942
0.45        0.3026      0.0863      0.1343      577     1330    6110    68987
0.50        0.3069      0.0852      0.1334      570     1287    6117    69030
0.55        0.3128      0.0842      0.1327      563     1237    6124    69080
0.60        0.3171      0.0827      0.1312      553     1191    6134    69126
0.65        0.3226      0.0812      0.1297      543     1140    6144    69177
0.70        0.3255      0.0791      0.1273      529     1096    6158    69221
0.75        0.3280      0.0766      0.1242      512     1049    6175    69268
0.80        0.3282      0.0733      0.1198      490     1003    6197    69314
0.85        0.3326      0.0709      0.1169      474     951     6213    69366
0.90        0.3382      0.0658      0.1102      440     861     6247    69456
0.95        0.3433      0.0585      0.0999      391     748     6296    69569

Default threshold (0.5): F1=0.1334  precision=0.3069  recall=0.0852
Best F1 at threshold=0.0008: F1=0.2542  precision=0.2142  recall=0.3125
Improvement over default: +0.1207 (+90.5% relative)

Full sweep saved: inout_threshold_sweep_gt_tiny.json
PS C:\Users\scott\Desktop\dissertation\092_vi-lam_heatmaps\run_002_gt\threshold_sweep_004>